             ent |   pobreza  pobrez~m  pobrez~e   vul_car   vul_ing   no_pobv
-----------------+------------------------------------------------------------
  Aguascalientes |       .381       .344      .0377       .262      .0809       .276
                 |    456,837    411,716     45,121    314,040     96,868    330,336
-----------------+------------------------------------------------------------
 Baja_California |       .315       .281      .0337       .379      .0635       .242
                 |  1,019,795    910,666    109,129  1,225,831    205,423    784,322
-----------------+------------------------------------------------------------
Baja_California  |        .31       .264      .0463       .325      .0454       .319
                 |    202,965    172,672     30,293    213,124     29,737    209,012
-----------------+------------------------------------------------------------
        Campeche |       .505       .367       .138       .249      .0432       .203
                 |    425,296    309,219    116,077    209,864     36,375    170,552
-----------------+------------------------------------------------------------
        Coahuila |       .278       .249      .0294       .256       .129       .337
                 |    775,932    693,998     81,934    713,943    358,810    941,345
-----------------+------------------------------------------------------------
          Colima |       .347       .322      .0252       .338      .0489       .267
                 |    230,263    213,530     16,733    224,030     32,425    177,001
-----------------+------------------------------------------------------------
         Chiapas |       .785       .402       .383        .13      .0237      .0613
                 |  3,866,315  1,980,893  1,885,422    641,357    116,722    301,890
-----------------+------------------------------------------------------------
       Chihuahua |       .388       .322      .0656       .228        .13       .254
                 |  1,371,575  1,139,689    231,886    806,475    457,859    898,478
-----------------+------------------------------------------------------------
Distrito_Federal |       .285       .264      .0216       .344      .0542       .317
                 |  2,537,155  2,344,778    192,377  3,055,771    481,494  2,814,110
-----------------+------------------------------------------------------------
         Durango |       .516       .411       .105       .211      .0876       .186
                 |    864,155    688,650    175,505    352,709    146,729    311,965
-----------------+------------------------------------------------------------
      Guanajuato |       .485       .401      .0842       .289      .0567       .169
                 |  2,703,742  2,234,246    469,496  1,611,184    315,737    942,650
-----------------+------------------------------------------------------------
        Guerrero |       .676       .357       .318        .23      .0198      .0749
                 |  2,329,961  1,232,405  1,097,556    791,651     68,207    258,370
-----------------+------------------------------------------------------------
         Hidalgo |       .547       .412       .135       .275      .0417       .137
                 |  1,477,052  1,113,055    363,997    741,946    112,736    370,102
-----------------+------------------------------------------------------------
         Jalisco |        .37       .318      .0525       .337      .0624        .23
                 |  2,766,652  2,374,261    392,391  2,516,016    465,951  1,718,782
-----------------+------------------------------------------------------------
          México |       .429       .343      .0857       .322      .0562       .193
                 |  6,712,050  5,370,831  1,341,219  5,031,218    878,778  3,026,890
-----------------+------------------------------------------------------------
       Michoacán |       .547       .412       .135       .286      .0435       .123
                 |  2,424,839  1,826,880    597,959  1,269,200    192,537    544,116
-----------------+------------------------------------------------------------
         Morelos |       .432       .363      .0693       .336      .0584       .173
                 |    782,167    656,740    125,427    608,392    105,589    312,655
-----------------+------------------------------------------------------------
         Nayarit |       .414        .33      .0831       .334      .0432       .209
                 |    461,241    368,561     92,680    372,907     48,144    232,967
-----------------+------------------------------------------------------------
      Nuevo_León |        .21       .192      .0183       .316      .0821       .391
                 |    994,427    908,042     86,385  1,496,461    388,319  1,852,205
-----------------+------------------------------------------------------------
          Oaxaca |        .67       .377       .292       .222      .0129      .0954
                 |  2,596,252  1,462,782  1,133,470    859,619     50,156    369,704
-----------------+------------------------------------------------------------
          Puebla |       .615       .445        .17       .216      .0557       .113
                 |  3,616,264  2,614,535  1,001,729  1,271,168    327,442    666,846
-----------------+------------------------------------------------------------
       Querétaro |       .414        .34      .0742       .317      .0502       .218
                 |    766,999    629,549    137,450    587,882     92,974    404,324
-----------------+------------------------------------------------------------
    Quintana_Roo |       .346       .282      .0643       .361      .0474       .246
                 |    471,722    384,182     87,540    491,484     64,553    334,544
-----------------+------------------------------------------------------------
 SanLuisPotosí |       .524       .371       .153       .209      .0721       .195
                 |  1,375,300    972,727    402,573    549,522    189,126    510,641
-----------------+------------------------------------------------------------
         Sinaloa |       .367       .312      .0546       .333      .0769       .223
                 |  1,048,643    892,367    156,276    953,334    219,811    637,989
-----------------+------------------------------------------------------------
          Sonora |       .331        .28      .0513       .316      .0685       .284
                 |    905,154    765,061    140,093    862,970    186,933    775,512
-----------------+------------------------------------------------------------
         Tabasco |       .571       .435       .136       .272      .0413       .115
                 |  1,291,595    984,726    306,869    615,875     93,466    261,211
-----------------+------------------------------------------------------------
      Tamaulipas |        .39       .335      .0549       .269      .0936       .248
                 |  1,301,698  1,118,323    183,375    899,023    312,830    828,319
-----------------+------------------------------------------------------------
        Tlaxcala |       .603       .504      .0991       .193      .0738        .13
                 |    718,969    600,778    118,191    230,560     87,920    154,616
-----------------+------------------------------------------------------------
        Veracruz |       .576       .388       .188       .236      .0453       .143
                 |  4,447,963  2,998,963  1,449,000  1,825,925    349,732  1,101,338
-----------------+------------------------------------------------------------
         Yucatán |       .483       .366       .117        .26      .0644       .192
                 |    958,546    726,061    232,485    515,913    127,718    381,542
-----------------+------------------------------------------------------------
       Zacatecas |       .602       .494       .108       .184      .0687       .145
                 |    911,496    747,444    164,052    277,685    103,916    219,823
-----------------+------------------------------------------------------------
           Total |       .461       .348       .113       .281      .0589       .199
                 | 52,813,020 39,848,330 12,964,690 32,137,079  6,745,017 22,844,157
------------------------------------------------------------------------------